289.0 118.0 173.0 76.0 232.0 207.0 187.0 154.0 213.0 56.0 194.0 59.0 207.0 73.0 269.0 256.0 292.0 168.0 255.0 95.0 0.0 0.0 261.0 248.0 0.0 0.0 443.0 244.0 183.0 99.0  0
178.0 106.0 87.0 189.0 0.0 0.0 184.0 170.0 111.0 151.0 97.0 165.0 106.0 169.0 244.0 203.0 233.0 121.0 149.0 140.0 0.0 0.0 232.0 185.0 0.0 0.0 420.0 93.0 126.0 181.0  1
261.0 136.0 353.0 100.0 302.0 209.0 329.0 161.0 310.0 91.0 331.0 94.0 0.0 0.0 251.0 250.0 0.0 0.0 298.0 117.0 325.0 101.0 254.0 254.0 267.0 177.0 102.0 281.0 334.0 124.0  2
0.0 0.0 207.0 73.0 267.0 262.0 292.0 209.0 288.0 72.0 240.0 66.0 261.0 84.0 0.0 0.0 292.0 242.0 317.0 128.0 0.0 0.0 223.0 365.0 178.0 236.0 113.0 409.0 227.0 130.0  3
321.0 150.0 265.0 139.0 307.0 187.0 290.0 170.0 288.0 129.0 277.0 131.0 282.0 135.0 330.0 217.0 321.0 171.0 299.0 140.0 0.0 0.0 322.0 210.0 0.0 0.0 395.0 223.0 277.0 147.0  4
0.0 0.0 290.0 127.0 251.0 279.0 268.0 225.0 241.0 120.0 267.0 115.0 0.0 0.0 235.0 359.0 0.0 0.0 205.0 167.0 244.0 136.0 162.0 309.0 165.0 212.0 147.0 122.0 276.0 176.0  5
0.0 0.0 251.0 83.0 298.0 253.0 287.0 181.0 294.0 51.0 265.0 59.0 294.0 74.0 388.0 354.0 380.0 188.0 331.0 105.0 0.0 0.0 276.0 345.0 0.0 0.0 321.0 339.0 274.0 119.0  6
190.0 181.0 123.0 160.0 159.0 217.0 148.0 199.0 145.0 148.0 132.0 153.0 140.0 156.0 172.0 225.0 200.0 199.0 165.0 165.0 0.0 0.0 196.0 253.0 0.0 0.0 253.0 264.0 137.0 176.0  7
320.0 99.0 112.0 143.0 340.0 265.0 227.0 230.0 149.0 72.0 122.0 92.0 164.0 109.0 427.0 306.0 361.0 184.0 240.0 98.0 0.0 0.0 398.0 289.0 0.0 0.0 0.0 0.0 159.0 172.0  8
0.0 0.0 257.0 127.0 296.0 200.0 291.0 166.0 269.0 85.0 263.0 102.0 276.0 114.0 292.0 245.0 359.0 162.0 308.0 100.0 251.0 115.0 289.0 244.0 228.0 194.0 344.0 270.0 278.0 142.0  9
283.0 128.0 201.0 111.0 271.0 206.0 238.0 174.0 233.0 99.0 218.0 102.0 222.0 111.0 300.0 239.0 283.0 155.0 259.0 122.0 0.0 0.0 283.0 237.0 0.0 0.0 393.0 232.0 216.0 137.0  10
165.0 200.0 228.0 174.0 192.0 240.0 208.0 215.0 202.0 158.0 217.0 159.0 0.0 0.0 142.0 291.0 0.0 0.0 183.0 178.0 210.0 166.0 189.0 267.0 179.0 238.0 109.0 323.0 220.0 186.0  11
122.0 195.0 36.0 200.0 118.0 249.0 89.0 233.0 64.0 184.0 49.0 188.0 58.0 190.0 140.0 275.0 127.0 201.0 88.0 192.0 0.0 0.0 122.0 304.0 0.0 0.0 284.0 232.0 59.0 211.0  12
0.0 0.0 293.0 191.0 246.0 273.0 264.0 239.0 264.0 166.0 286.0 175.0 0.0 0.0 202.0 319.0 0.0 0.0 239.0 183.0 272.0 183.0 202.0 252.0 205.0 213.0 109.0 297.0 282.0 206.0  13
270.0 155.0 204.0 148.0 0.0 0.0 0.0 0.0 221.0 134.0 213.0 139.0 218.0 145.0 270.0 221.0 267.0 180.0 240.0 146.0 0.0 0.0 0.0 0.0 0.0 0.0 329.0 252.0 220.0 164.0  14
222.0 119.0 275.0 130.0 238.0 176.0 251.0 159.0 257.0 107.0 269.0 118.0 0.0 0.0 197.0 216.0 0.0 0.0 239.0 114.0 259.0 121.0 218.0 199.0 203.0 160.0 167.0 215.0 265.0 138.0  15
0.0 0.0 302.0 165.0 250.0 235.0 282.0 205.0 275.0 151.0 291.0 155.0 0.0 0.0 244.0 255.0 0.0 0.0 264.0 164.0 285.0 161.0 231.0 269.0 237.0 205.0 163.0 292.0 292.0 177.0  16
215.0 156.0 128.0 148.0 171.0 239.0 155.0 201.0 152.0 116.0 137.0 127.0 155.0 140.0 231.0 312.0 226.0 194.0 184.0 141.0 0.0 0.0 153.0 253.0 0.0 0.0 260.0 388.0 136.0 166.0  17
211.0 175.0 293.0 142.0 247.0 231.0 276.0 200.0 256.0 139.0 276.0 137.0 0.0 0.0 196.0 279.0 0.0 0.0 249.0 161.0 272.0 143.0 236.0 276.0 211.0 218.0 84.0 185.0 280.0 162.0  18
274.0 185.0 203.0 154.0 247.0 236.0 235.0 212.0 232.0 144.0 216.0 144.0 225.0 149.0 294.0 290.0 279.0 220.0 254.0 168.0 0.0 0.0 288.0 283.0 0.0 0.0 379.0 277.0 223.0 170.0  19
268.0 91.0 454.0 177.0 241.0 194.0 290.0 188.0 416.0 117.0 442.0 145.0 0.0 0.0 112.0 184.0 0.0 0.0 364.0 107.0 425.0 136.0 111.0 176.0 227.0 123.0 56.0 106.0 391.0 171.0  20
254.0 119.0 169.0 98.0 226.0 184.0 193.0 158.0 203.0 90.0 185.0 93.0 192.0 100.0 0.0 0.0 261.0 158.0 227.0 108.0 0.0 0.0 0.0 0.0 0.0 0.0 374.0 273.0 184.0 125.0  21
324.0 143.0 0.0 0.0 0.0 0.0 361.0 167.0 357.0 128.0 0.0 0.0 0.0 0.0 299.0 198.0 0.0 0.0 346.0 137.0 0.0 0.0 331.0 203.0 332.0 163.0 235.0 165.0 366.0 143.0  22
275.0 106.0 362.0 81.0 302.0 183.0 338.0 153.0 334.0 72.0 347.0 73.0 0.0 0.0 0.0 0.0 0.0 0.0 300.0 96.0 338.0 83.0 279.0 233.0 265.0 138.0 166.0 221.0 348.0 111.0  23
198.0 90.0 75.0 57.0 154.0 181.0 127.0 144.0 122.0 41.0 98.0 46.0 100.0 53.0 223.0 263.0 201.0 144.0 165.0 74.0 0.0 0.0 242.0 248.0 0.0 0.0 413.0 230.0 110.0 85.0  24
286.0 109.0 168.0 102.0 0.0 0.0 222.0 163.0 199.0 81.0 181.0 87.0 191.0 97.0 254.0 216.0 290.0 176.0 220.0 104.0 0.0 0.0 262.0 217.0 0.0 0.0 416.0 172.0 194.0 137.0  25
186.0 189.0 109.0 160.0 159.0 254.0 144.0 224.0 142.0 152.0 123.0 154.0 129.0 162.0 176.0 273.0 198.0 227.0 154.0 176.0 0.0 0.0 199.0 291.0 0.0 0.0 216.0 326.0 128.0 192.0  26
0.0 0.0 162.0 110.0 131.0 274.0 102.0 218.0 110.0 112.0 147.0 97.0 0.0 0.0 169.0 327.0 199.0 224.0 129.0 149.0 127.0 108.0 229.0 365.0 0.0 0.0 348.0 393.0 152.0 145.0  27
215.0 122.0 174.0 100.0 0.0 0.0 184.0 126.0 193.0 96.0 0.0 0.0 185.0 99.0 214.0 150.0 200.0 137.0 204.0 106.0 0.0 0.0 212.0 184.0 0.0 0.0 236.0 197.0 182.0 109.0  28
262.0 111.0 424.0 157.0 261.0 246.0 319.0 227.0 370.0 121.0 403.0 133.0 0.0 0.0 213.0 262.0 0.0 0.0 329.0 135.0 378.0 139.0 200.0 275.0 234.0 159.0 0.0 0.0 392.0 178.0  29
0.0 0.0 157.0 162.0 232.0 281.0 226.0 238.0 206.0 148.0 177.0 151.0 186.0 162.0 276.0 346.0 294.0 234.0 260.0 181.0 0.0 0.0 216.0 354.0 0.0 0.0 249.0 367.0 184.0 186.0  30
0.0 0.0 217.0 134.0 244.0 203.0 227.0 169.0 244.0 132.0 225.0 130.0 231.0 132.0 269.0 241.0 270.0 183.0 257.0 151.0 0.0 0.0 247.0 230.0 0.0 0.0 305.0 258.0 220.0 146.0  31
231.0 95.0 356.0 100.0 266.0 158.0 294.0 143.0 318.0 78.0 341.0 82.0 0.0 0.0 234.0 213.0 0.0 0.0 284.0 87.0 0.0 0.0 211.0 218.0 211.0 127.0 65.0 135.0 321.0 120.0  32
250.0 136.0 261.0 91.0 0.0 0.0 0.0 0.0 222.0 78.0 243.0 79.0 0.0 0.0 0.0 0.0 205.0 194.0 188.0 105.0 234.0 90.0 0.0 0.0 0.0 0.0 317.0 277.0 244.0 110.0  33
216.0 133.0 296.0 98.0 238.0 194.0 281.0 148.0 253.0 89.0 280.0 86.0 0.0 0.0 250.0 213.0 0.0 0.0 233.0 111.0 269.0 95.0 189.0 228.0 197.0 156.0 103.0 156.0 275.0 119.0  34
288.0 86.0 200.0 191.0 294.0 245.0 256.0 225.0 227.0 120.0 210.0 147.0 0.0 0.0 356.0 323.0 383.0 155.0 267.0 108.0 0.0 0.0 274.0 324.0 0.0 0.0 378.0 289.0 246.0 195.0  35
247.0 163.0 295.0 126.0 265.0 189.0 277.0 166.0 278.0 129.0 287.0 126.0 0.0 0.0 235.0 218.0 0.0 0.0 273.0 141.0 0.0 0.0 250.0 223.0 252.0 180.0 189.0 207.0 283.0 143.0  36
261.0 123.0 398.0 109.0 284.0 201.0 347.0 159.0 351.0 81.0 381.0 91.0 0.0 0.0 235.0 280.0 0.0 0.0 304.0 101.0 371.0 95.0 276.0 236.0 225.0 155.0 79.0 207.0 359.0 124.0  37
227.0 135.0 310.0 130.0 236.0 208.0 275.0 186.0 274.0 117.0 293.0 119.0 0.0 0.0 250.0 232.0 0.0 0.0 252.0 131.0 285.0 129.0 219.0 238.0 210.0 166.0 125.0 119.0 290.0 145.0  38
0.0 0.0 253.0 89.0 240.0 212.0 237.0 164.0 213.0 80.0 235.0 81.0 0.0 0.0 221.0 324.0 0.0 0.0 191.0 111.0 219.0 87.0 170.0 332.0 142.0 208.0 164.0 404.0 238.0 116.0  39
179.0 81.0 64.0 66.0 148.0 164.0 100.0 123.0 111.0 37.0 78.0 49.0 91.0 52.0 177.0 221.0 198.0 140.0 141.0 58.0 0.0 0.0 209.0 198.0 0.0 0.0 292.0 216.0 86.0 81.0  40
0.0 0.0 254.0 134.0 192.0 284.0 219.0 207.0 193.0 114.0 228.0 113.0 0.0 0.0 200.0 366.0 0.0 0.0 173.0 146.0 217.0 125.0 122.0 364.0 100.0 242.0 83.0 363.0 223.0 156.0  41
277.0 176.0 179.0 206.0 275.0 251.0 241.0 227.0 205.0 176.0 186.0 190.0 195.0 186.0 308.0 264.0 298.0 204.0 228.0 177.0 0.0 0.0 0.0 0.0 0.0 0.0 390.0 288.0 217.0 206.0  42
0.0 0.0 246.0 91.0 223.0 165.0 230.0 135.0 213.0 73.0 234.0 81.0 0.0 0.0 169.0 223.0 0.0 0.0 195.0 89.0 225.0 84.0 177.0 229.0 175.0 142.0 140.0 243.0 237.0 108.0  43
0.0 0.0 226.0 65.0 247.0 116.0 254.0 94.0 246.0 57.0 234.0 59.0 239.0 62.0 235.0 141.0 0.0 0.0 260.0 70.0 0.0 0.0 223.0 141.0 217.0 97.0 187.0 160.0 235.0 73.0  44
255.0 132.0 357.0 119.0 291.0 215.0 336.0 163.0 325.0 102.0 345.0 107.0 0.0 0.0 214.0 271.0 0.0 0.0 291.0 119.0 341.0 114.0 256.0 275.0 264.0 174.0 96.0 185.0 336.0 139.0  45
126.0 69.0 196.0 29.0 144.0 106.0 164.0 75.0 166.0 21.0 182.0 20.0 0.0 0.0 127.0 135.0 0.0 0.0 147.0 46.0 177.0 25.0 124.0 142.0 127.0 88.0 47.0 145.0 174.0 47.0  46
282.0 138.0 376.0 142.0 311.0 191.0 336.0 173.0 340.0 130.0 360.0 131.0 0.0 0.0 287.0 215.0 0.0 0.0 326.0 135.0 350.0 135.0 279.0 223.0 271.0 159.0 154.0 149.0 353.0 156.0  47
301.0 177.0 379.0 104.0 381.0 296.0 407.0 203.0 385.0 57.0 382.0 72.0 408.0 93.0 335.0 398.0 0.0 0.0 328.0 121.0 353.0 75.0 291.0 416.0 293.0 236.0 115.0 383.0 372.0 139.0  48
275.0 95.0 173.0 72.0 242.0 178.0 206.0 125.0 210.0 48.0 190.0 54.0 208.0 63.0 278.0 230.0 287.0 146.0 247.0 74.0 0.0 0.0 307.0 224.0 0.0 0.0 391.0 236.0 205.0 86.0  49
299.0 156.0 313.0 96.0 328.0 252.0 369.0 182.0 350.0 83.0 330.0 82.0 350.0 91.0 270.0 315.0 0.0 0.0 381.0 128.0 0.0 0.0 281.0 312.0 277.0 206.0 149.0 315.0 329.0 123.0  50
195.0 124.0 301.0 111.0 241.0 219.0 278.0 161.0 258.0 79.0 287.0 90.0 0.0 0.0 220.0 271.0 0.0 0.0 222.0 101.0 266.0 96.0 227.0 268.0 215.0 168.0 127.0 247.0 279.0 128.0  51
192.0 133.0 242.0 108.0 220.0 176.0 234.0 143.0 224.0 95.0 234.0 97.0 0.0 0.0 208.0 219.0 0.0 0.0 205.0 116.0 221.0 103.0 177.0 225.0 184.0 158.0 130.0 205.0 234.0 120.0  52
245.0 139.0 173.0 163.0 249.0 211.0 203.0 194.0 210.0 139.0 187.0 144.0 202.0 154.0 284.0 249.0 286.0 164.0 222.0 142.0 0.0 0.0 235.0 236.0 0.0 0.0 343.0 148.0 192.0 179.0  53
164.0 93.0 81.0 94.0 160.0 144.0 121.0 127.0 114.0 80.0 94.0 83.0 105.0 91.0 178.0 182.0 182.0 115.0 133.0 84.0 0.0 0.0 173.0 167.0 0.0 0.0 280.0 140.0 102.0 104.0  54
256.0 163.0 129.0 179.0 252.0 257.0 202.0 245.0 168.0 159.0 142.0 164.0 157.0 170.0 271.0 301.0 268.0 203.0 204.0 168.0 0.0 0.0 290.0 292.0 0.0 0.0 445.0 134.0 151.0 195.0  55
214.0 140.0 237.0 116.0 253.0 181.0 257.0 152.0 239.0 94.0 237.0 101.0 251.0 103.0 223.0 231.0 0.0 0.0 264.0 120.0 229.0 109.0 216.0 234.0 211.0 162.0 155.0 202.0 242.0 128.0  56
235.0 150.0 324.0 157.0 244.0 198.0 277.0 176.0 309.0 131.0 320.0 138.0 0.0 0.0 191.0 225.0 0.0 0.0 272.0 138.0 309.0 144.0 221.0 223.0 231.0 166.0 134.0 200.0 289.0 162.0  57
283.0 151.0 159.0 90.0 220.0 216.0 194.0 159.0 210.0 80.0 179.0 81.0 192.0 86.0 280.0 298.0 283.0 182.0 232.0 109.0 0.0 0.0 245.0 301.0 0.0 0.0 402.0 173.0 194.0 114.0  58
234.0 155.0 364.0 100.0 320.0 223.0 346.0 177.0 310.0 83.0 343.0 88.0 0.0 0.0 258.0 301.0 0.0 0.0 264.0 119.0 328.0 96.0 197.0 318.0 230.0 199.0 101.0 282.0 343.0 122.0  59
163.0 185.0 94.0 153.0 135.0 263.0 96.0 202.0 109.0 126.0 100.0 138.0 121.0 144.0 146.0 280.0 175.0 239.0 144.0 159.0 0.0 0.0 171.0 302.0 0.0 0.0 264.0 342.0 99.0 172.0  60
184.0 134.0 246.0 117.0 201.0 177.0 224.0 161.0 215.0 112.0 234.0 112.0 0.0 0.0 208.0 185.0 0.0 0.0 198.0 123.0 226.0 116.0 184.0 196.0 176.0 155.0 95.0 194.0 234.0 134.0  61
263.0 229.0 210.0 200.0 226.0 272.0 212.0 248.0 236.0 206.0 224.0 203.0 231.0 215.0 232.0 288.0 257.0 250.0 248.0 220.0 0.0 0.0 261.0 297.0 0.0 0.0 334.0 296.0 214.0 225.0  62
291.0 119.0 187.0 99.0 260.0 188.0 219.0 156.0 237.0 90.0 0.0 0.0 224.0 95.0 298.0 201.0 298.0 140.0 259.0 103.0 0.0 0.0 330.0 235.0 0.0 0.0 416.0 211.0 207.0 127.0  63
0.0 0.0 240.0 234.0 177.0 308.0 197.0 269.0 201.0 198.0 228.0 211.0 0.0 0.0 180.0 355.0 0.0 0.0 174.0 215.0 210.0 220.0 156.0 305.0 120.0 274.0 113.0 384.0 228.0 244.0  64
283.0 111.0 431.0 87.0 296.0 221.0 379.0 167.0 358.0 62.0 396.0 80.0 0.0 0.0 293.0 263.0 0.0 0.0 317.0 88.0 377.0 98.0 255.0 272.0 266.0 156.0 80.0 137.0 398.0 127.0  65
209.0 180.0 152.0 186.0 199.0 248.0 184.0 237.0 179.0 174.0 164.0 178.0 182.0 187.0 231.0 263.0 239.0 209.0 202.0 185.0 0.0 0.0 174.0 260.0 0.0 0.0 220.0 131.0 172.0 208.0  66
240.0 132.0 310.0 123.0 252.0 181.0 283.0 158.0 276.0 110.0 296.0 114.0 0.0 0.0 261.0 198.0 0.0 0.0 252.0 125.0 282.0 119.0 238.0 209.0 218.0 166.0 165.0 176.0 295.0 136.0  67
267.0 139.0 211.0 129.0 244.0 182.0 225.0 162.0 231.0 118.0 220.0 124.0 232.0 128.0 261.0 196.0 268.0 159.0 251.0 127.0 0.0 0.0 0.0 0.0 0.0 0.0 329.0 209.0 217.0 142.0  68
0.0 0.0 352.0 137.0 275.0 222.0 315.0 179.0 296.0 102.0 332.0 113.0 0.0 0.0 0.0 0.0 0.0 0.0 269.0 116.0 314.0 122.0 198.0 254.0 187.0 175.0 107.0 269.0 332.0 153.0  69
0.0 0.0 266.0 78.0 235.0 160.0 251.0 121.0 229.0 73.0 251.0 74.0 0.0 0.0 238.0 197.0 0.0 0.0 217.0 94.0 238.0 87.0 202.0 201.0 197.0 132.0 181.0 244.0 260.0 97.0  70
0.0 0.0 124.0 115.0 204.0 183.0 173.0 164.0 155.0 112.0 142.0 115.0 156.0 115.0 242.0 175.0 251.0 137.0 180.0 124.0 0.0 0.0 237.0 210.0 0.0 0.0 372.0 161.0 148.0 144.0  71
241.0 138.0 293.0 106.0 263.0 166.0 281.0 145.0 267.0 109.0 279.0 107.0 0.0 0.0 231.0 193.0 0.0 0.0 254.0 124.0 275.0 112.0 247.0 191.0 234.0 157.0 173.0 195.0 283.0 130.0  72
300.0 192.0 406.0 115.0 373.0 280.0 400.0 208.0 344.0 132.0 376.0 121.0 0.0 0.0 335.0 326.0 0.0 0.0 327.0 165.0 365.0 141.0 342.0 314.0 302.0 234.0 184.0 365.0 403.0 169.0  73
275.0 134.0 189.0 103.0 234.0 197.0 193.0 159.0 221.0 105.0 202.0 103.0 218.0 113.0 251.0 210.0 274.0 169.0 237.0 118.0 0.0 0.0 285.0 227.0 0.0 0.0 399.0 218.0 193.0 125.0  74
0.0 0.0 87.0 271.0 213.0 326.0 144.0 308.0 129.0 225.0 101.0 246.0 133.0 255.0 258.0 354.0 261.0 161.0 163.0 231.0 0.0 0.0 191.0 353.0 156.0 138.0 401.0 278.0 120.0 284.0  75
0.0 0.0 243.0 138.0 246.0 178.0 250.0 169.0 246.0 92.0 247.0 116.0 265.0 120.0 283.0 182.0 0.0 0.0 0.0 0.0 228.0 118.0 219.0 198.0 189.0 137.0 0.0 0.0 250.0 148.0  76
0.0 0.0 227.0 110.0 233.0 212.0 229.0 161.0 258.0 118.0 241.0 114.0 242.0 121.0 257.0 246.0 275.0 185.0 265.0 149.0 0.0 0.0 222.0 223.0 0.0 0.0 272.0 295.0 225.0 133.0  77
0.0 0.0 326.0 134.0 265.0 199.0 287.0 169.0 294.0 115.0 310.0 124.0 0.0 0.0 0.0 0.0 0.0 0.0 265.0 129.0 301.0 124.0 0.0 0.0 241.0 156.0 153.0 238.0 304.0 147.0  78
0.0 0.0 424.0 120.0 336.0 201.0 389.0 176.0 375.0 109.0 406.0 114.0 0.0 0.0 315.0 240.0 0.0 0.0 0.0 0.0 388.0 115.0 347.0 174.0 336.0 139.0 177.0 153.0 404.0 140.0  79
238.0 120.0 109.0 92.0 213.0 213.0 156.0 164.0 174.0 96.0 140.0 93.0 162.0 101.0 0.0 0.0 245.0 140.0 202.0 107.0 0.0 0.0 188.0 257.0 0.0 0.0 422.0 152.0 141.0 131.0  80
186.0 149.0 276.0 113.0 222.0 201.0 251.0 170.0 235.0 109.0 258.0 110.0 0.0 0.0 191.0 227.0 0.0 0.0 214.0 129.0 247.0 117.0 205.0 229.0 193.0 163.0 71.0 207.0 259.0 133.0  81
0.0 0.0 182.0 175.0 130.0 280.0 149.0 222.0 143.0 161.0 163.0 168.0 0.0 0.0 147.0 313.0 0.0 0.0 118.0 180.0 147.0 171.0 105.0 293.0 90.0 224.0 88.0 385.0 166.0 191.0  82
204.0 115.0 84.0 97.0 199.0 208.0 133.0 177.0 137.0 83.0 111.0 87.0 128.0 101.0 216.0 254.0 224.0 146.0 174.0 106.0 0.0 0.0 245.0 235.0 0.0 0.0 394.0 121.0 123.0 131.0  83
229.0 131.0 349.0 94.0 290.0 199.0 322.0 154.0 287.0 74.0 329.0 82.0 0.0 0.0 245.0 248.0 0.0 0.0 256.0 107.0 306.0 95.0 268.0 230.0 240.0 172.0 106.0 257.0 330.0 115.0  84
213.0 111.0 290.0 144.0 232.0 186.0 263.0 167.0 268.0 109.0 278.0 126.0 0.0 0.0 175.0 199.0 0.0 0.0 240.0 115.0 271.0 124.0 223.0 205.0 216.0 141.0 117.0 175.0 273.0 151.0  85
0.0 0.0 290.0 209.0 209.0 246.0 245.0 229.0 247.0 181.0 280.0 193.0 0.0 0.0 183.0 284.0 0.0 0.0 222.0 192.0 271.0 192.0 181.0 235.0 178.0 196.0 61.0 206.0 259.0 211.0  86
256.0 114.0 355.0 82.0 288.0 186.0 321.0 149.0 300.0 74.0 337.0 75.0 0.0 0.0 248.0 234.0 0.0 0.0 281.0 99.0 0.0 0.0 283.0 205.0 262.0 143.0 106.0 209.0 342.0 110.0  87
0.0 0.0 151.0 124.0 196.0 164.0 177.0 147.0 158.0 89.0 152.0 108.0 170.0 104.0 212.0 185.0 229.0 127.0 193.0 98.0 0.0 0.0 164.0 185.0 0.0 0.0 238.0 123.0 164.0 128.0  88
0.0 0.0 386.0 207.0 313.0 275.0 350.0 248.0 0.0 0.0 366.0 186.0 0.0 0.0 248.0 326.0 0.0 0.0 0.0 0.0 355.0 185.0 294.0 305.0 265.0 209.0 76.0 241.0 364.0 217.0  89
192.0 109.0 101.0 50.0 142.0 186.0 122.0 131.0 144.0 48.0 125.0 46.0 129.0 55.0 171.0 247.0 189.0 154.0 171.0 85.0 0.0 0.0 0.0 0.0 0.0 0.0 247.0 281.0 112.0 68.0  90
0.0 0.0 141.0 89.0 193.0 215.0 170.0 174.0 198.0 79.0 169.0 79.0 180.0 91.0 265.0 285.0 243.0 198.0 216.0 127.0 0.0 0.0 204.0 292.0 0.0 0.0 0.0 0.0 155.0 107.0  91
235.0 144.0 284.0 118.0 255.0 172.0 269.0 145.0 261.0 110.0 278.0 112.0 0.0 0.0 0.0 0.0 0.0 0.0 245.0 124.0 268.0 115.0 226.0 201.0 246.0 155.0 199.0 193.0 272.0 127.0  92
314.0 123.0 218.0 84.0 253.0 212.0 233.0 148.0 257.0 67.0 234.0 72.0 252.0 81.0 289.0 230.0 332.0 169.0 303.0 103.0 0.0 0.0 294.0 267.0 0.0 0.0 384.0 276.0 237.0 106.0  93
266.0 121.0 159.0 106.0 227.0 195.0 211.0 176.0 204.0 89.0 176.0 97.0 185.0 103.0 328.0 245.0 277.0 147.0 245.0 118.0 0.0 0.0 292.0 248.0 0.0 0.0 407.0 136.0 184.0 129.0  94
230.0 115.0 307.0 74.0 289.0 175.0 301.0 125.0 284.0 53.0 295.0 57.0 0.0 0.0 211.0 255.0 0.0 0.0 245.0 82.0 277.0 66.0 258.0 256.0 270.0 155.0 161.0 261.0 297.0 88.0  95
301.0 165.0 408.0 70.0 376.0 288.0 424.0 173.0 350.0 82.0 378.0 72.0 0.0 0.0 370.0 380.0 0.0 0.0 324.0 131.0 368.0 95.0 351.0 330.0 307.0 204.0 105.0 322.0 412.0 127.0  96
0.0 0.0 411.0 96.0 330.0 237.0 377.0 159.0 350.0 71.0 389.0 80.0 0.0 0.0 0.0 0.0 0.0 0.0 301.0 105.0 366.0 87.0 258.0 236.0 262.0 166.0 196.0 248.0 385.0 113.0  97
0.0 0.0 164.0 152.0 223.0 278.0 215.0 224.0 210.0 135.0 182.0 141.0 196.0 148.0 254.0 347.0 0.0 0.0 242.0 178.0 0.0 0.0 183.0 358.0 0.0 0.0 190.0 364.0 189.0 175.0  98
344.0 130.0 217.0 76.0 0.0 0.0 237.0 134.0 266.0 41.0 239.0 57.0 263.0 65.0 297.0 247.0 292.0 165.0 319.0 70.0 0.0 0.0 0.0 0.0 368.0 151.0 372.0 275.0 239.0 92.0  99
309.0 172.0 232.0 160.0 268.0 226.0 254.0 201.0 265.0 148.0 247.0 153.0 252.0 156.0 289.0 237.0 318.0 194.0 289.0 162.0 0.0 0.0 0.0 0.0 0.0 0.0 389.0 251.0 242.0 171.0  100
0.0 0.0 300.0 136.0 254.0 196.0 260.0 170.0 269.0 113.0 291.0 122.0 0.0 0.0 247.0 244.0 0.0 0.0 233.0 126.0 274.0 127.0 228.0 223.0 206.0 158.0 204.0 246.0 285.0 145.0  101
0.0 0.0 254.0 96.0 216.0 226.0 215.0 202.0 184.0 79.0 222.0 78.0 0.0 0.0 217.0 286.0 0.0 0.0 132.0 135.0 211.0 94.0 126.0 363.0 118.0 213.0 43.0 370.0 223.0 129.0  102
0.0 0.0 154.0 111.0 231.0 229.0 192.0 193.0 194.0 82.0 166.0 93.0 193.0 99.0 292.0 295.0 276.0 159.0 232.0 120.0 0.0 0.0 206.0 257.0 0.0 0.0 365.0 146.0 166.0 133.0  103
235.0 123.0 171.0 113.0 190.0 218.0 162.0 156.0 174.0 81.0 173.0 96.0 191.0 106.0 235.0 248.0 264.0 150.0 210.0 108.0 157.0 104.0 232.0 249.0 0.0 0.0 332.0 208.0 171.0 126.0  104
179.0 119.0 287.0 94.0 242.0 185.0 258.0 147.0 232.0 75.0 269.0 81.0 0.0 0.0 189.0 252.0 0.0 0.0 203.0 96.0 253.0 89.0 185.0 239.0 185.0 155.0 86.0 231.0 266.0 108.0  105
270.0 141.0 352.0 115.0 298.0 193.0 324.0 153.0 323.0 100.0 342.0 106.0 0.0 0.0 288.0 224.0 0.0 0.0 295.0 118.0 333.0 112.0 264.0 225.0 268.0 154.0 213.0 221.0 337.0 128.0  106
208.0 169.0 334.0 133.0 0.0 0.0 315.0 203.0 270.0 107.0 309.0 114.0 0.0 0.0 0.0 0.0 0.0 0.0 239.0 133.0 299.0 126.0 0.0 0.0 247.0 225.0 132.0 350.0 319.0 151.0  107
167.0 109.0 266.0 48.0 246.0 163.0 249.0 117.0 212.0 37.0 246.0 37.0 0.0 0.0 170.0 282.0 0.0 0.0 192.0 76.0 225.0 47.0 242.0 192.0 176.0 148.0 104.0 317.0 251.0 73.0  108
247.0 244.0 162.0 186.0 198.0 286.0 182.0 240.0 197.0 178.0 179.0 178.0 194.0 186.0 224.0 318.0 235.0 261.0 219.0 205.0 0.0 0.0 206.0 359.0 0.0 0.0 304.0 363.0 178.0 209.0  109
175.0 190.0 212.0 160.0 232.0 252.0 253.0 210.0 224.0 135.0 219.0 144.0 236.0 152.0 0.0 0.0 0.0 0.0 258.0 169.0 0.0 0.0 192.0 311.0 163.0 228.0 89.0 311.0 219.0 172.0  110
237.0 253.0 180.0 237.0 226.0 293.0 206.0 264.0 200.0 223.0 186.0 229.0 197.0 231.0 239.0 323.0 242.0 275.0 218.0 238.0 0.0 0.0 0.0 0.0 0.0 0.0 292.0 343.0 196.0 248.0  111
218.0 142.0 250.0 84.0 258.0 181.0 255.0 120.0 238.0 75.0 244.0 76.0 255.0 80.0 250.0 244.0 0.0 0.0 224.0 101.0 233.0 84.0 248.0 242.0 226.0 158.0 183.0 243.0 248.0 96.0  112
0.0 0.0 248.0 65.0 250.0 183.0 251.0 156.0 288.0 63.0 265.0 61.0 286.0 76.0 321.0 294.0 325.0 174.0 304.0 108.0 0.0 0.0 255.0 254.0 0.0 0.0 346.0 329.0 248.0 104.0  113
99.0 40.0 149.0 30.0 122.0 74.0 130.0 62.0 125.0 18.0 138.0 21.0 0.0 0.0 0.0 0.0 0.0 0.0 106.0 32.0 129.0 23.0 0.0 0.0 97.0 54.0 38.0 83.0 138.0 39.0  114
308.0 142.0 225.0 101.0 263.0 186.0 246.0 154.0 259.0 87.0 238.0 91.0 252.0 97.0 316.0 237.0 306.0 170.0 281.0 112.0 0.0 0.0 282.0 239.0 0.0 0.0 356.0 237.0 238.0 120.0  115
0.0 0.0 201.0 66.0 225.0 158.0 224.0 125.0 242.0 39.0 219.0 49.0 233.0 59.0 275.0 174.0 0.0 0.0 282.0 71.0 0.0 0.0 247.0 223.0 0.0 0.0 311.0 221.0 213.0 82.0  116
272.0 161.0 218.0 128.0 230.0 270.0 220.0 216.0 216.0 92.0 216.0 105.0 242.0 110.0 302.0 352.0 309.0 192.0 0.0 0.0 189.0 110.0 222.0 307.0 0.0 0.0 375.0 217.0 213.0 155.0  117
167.0 202.0 265.0 112.0 237.0 242.0 252.0 180.0 212.0 109.0 242.0 108.0 0.0 0.0 195.0 319.0 0.0 0.0 191.0 154.0 221.0 120.0 200.0 317.0 178.0 232.0 122.0 364.0 254.0 155.0  118
354.0 139.0 309.0 79.0 0.0 0.0 0.0 0.0 346.0 64.0 323.0 68.0 337.0 76.0 0.0 0.0 325.0 163.0 379.0 94.0 0.0 0.0 384.0 227.0 389.0 145.0 312.0 265.0 326.0 93.0  119
342.0 73.0 274.0 46.0 298.0 116.0 288.0 88.0 301.0 37.0 286.0 39.0 295.0 48.0 339.0 151.0 343.0 93.0 323.0 54.0 0.0 0.0 302.0 147.0 0.0 0.0 394.0 152.0 284.0 59.0  120
198.0 137.0 122.0 139.0 183.0 190.0 165.0 177.0 151.0 127.0 135.0 131.0 136.0 142.0 190.0 211.0 194.0 150.0 165.0 135.0 0.0 0.0 252.0 213.0 0.0 0.0 309.0 152.0 143.0 156.0  121
236.0 105.0 367.0 97.0 271.0 202.0 315.0 156.0 316.0 62.0 349.0 78.0 0.0 0.0 268.0 256.0 0.0 0.0 275.0 85.0 327.0 85.0 210.0 254.0 210.0 136.0 115.0 241.0 335.0 129.0  122
361.0 99.0 259.0 81.0 312.0 199.0 304.0 150.0 299.0 57.0 269.0 68.0 294.0 81.0 381.0 251.0 388.0 130.0 339.0 76.0 0.0 0.0 310.0 244.0 0.0 0.0 422.0 192.0 271.0 104.0  123
299.0 143.0 181.0 143.0 252.0 217.0 220.0 180.0 204.0 93.0 182.0 122.0 208.0 115.0 275.0 268.0 287.0 197.0 247.0 107.0 0.0 0.0 296.0 273.0 0.0 0.0 383.0 317.0 212.0 153.0  124
0.0 0.0 189.0 127.0 185.0 235.0 180.0 197.0 185.0 101.0 188.0 115.0 205.0 132.0 186.0 302.0 0.0 0.0 0.0 0.0 0.0 0.0 154.0 324.0 0.0 0.0 0.0 0.0 184.0 147.0  125
0.0 0.0 127.0 129.0 110.0 248.0 105.0 192.0 127.0 88.0 125.0 108.0 153.0 123.0 125.0 316.0 225.0 199.0 0.0 0.0 103.0 123.0 130.0 314.0 0.0 0.0 291.0 318.0 125.0 156.0  126
312.0 159.0 221.0 141.0 266.0 237.0 238.0 198.0 266.0 121.0 237.0 130.0 253.0 138.0 286.0 255.0 323.0 197.0 289.0 144.0 0.0 0.0 323.0 270.0 0.0 0.0 455.0 275.0 237.0 164.0  127
225.0 168.0 310.0 177.0 240.0 217.0 271.0 201.0 283.0 156.0 303.0 166.0 0.0 0.0 238.0 233.0 0.0 0.0 259.0 157.0 289.0 168.0 210.0 228.0 214.0 197.0 134.0 221.0 281.0 184.0  128
214.0 181.0 313.0 155.0 242.0 235.0 272.0 206.0 276.0 146.0 298.0 149.0 0.0 0.0 228.0 262.0 0.0 0.0 242.0 163.0 289.0 159.0 206.0 267.0 203.0 197.0 122.0 256.0 281.0 182.0  129
252.0 130.0 313.0 102.0 282.0 176.0 297.0 142.0 283.0 95.0 301.0 96.0 0.0 0.0 278.0 209.0 0.0 0.0 270.0 117.0 291.0 100.0 244.0 210.0 243.0 155.0 172.0 219.0 299.0 120.0  130
251.0 123.0 169.0 161.0 0.0 0.0 217.0 186.0 198.0 130.0 178.0 140.0 202.0 145.0 289.0 218.0 305.0 164.0 228.0 125.0 0.0 0.0 224.0 204.0 0.0 0.0 422.0 156.0 200.0 173.0  131
220.0 102.0 164.0 70.0 197.0 174.0 150.0 136.0 178.0 56.0 166.0 62.0 188.0 73.0 202.0 208.0 215.0 135.0 197.0 90.0 153.0 68.0 0.0 0.0 0.0 0.0 340.0 238.0 162.0 87.0  132
245.0 197.0 205.0 253.0 0.0 0.0 255.0 277.0 236.0 224.0 220.0 236.0 243.0 245.0 287.0 280.0 290.0 180.0 255.0 216.0 0.0 0.0 212.0 303.0 170.0 201.0 193.0 104.0 244.0 267.0  133
223.0 173.0 311.0 147.0 252.0 243.0 285.0 210.0 270.0 131.0 296.0 135.0 0.0 0.0 180.0 278.0 0.0 0.0 246.0 153.0 280.0 148.0 245.0 284.0 228.0 207.0 93.0 251.0 292.0 168.0  134
325.0 61.0 187.0 47.0 274.0 171.0 239.0 134.0 252.0 25.0 220.0 35.0 246.0 54.0 294.0 276.0 355.0 117.0 310.0 47.0 0.0 0.0 216.0 215.0 0.0 0.0 0.0 0.0 217.0 72.0  135
274.0 119.0 348.0 125.0 307.0 207.0 335.0 185.0 337.0 96.0 344.0 110.0 356.0 121.0 0.0 0.0 0.0 0.0 304.0 110.0 322.0 118.0 284.0 262.0 261.0 151.0 110.0 157.0 345.0 139.0  136
239.0 164.0 330.0 138.0 277.0 229.0 307.0 189.0 287.0 119.0 316.0 129.0 0.0 0.0 212.0 252.0 0.0 0.0 256.0 138.0 293.0 131.0 259.0 262.0 256.0 201.0 147.0 234.0 307.0 156.0  137
320.0 158.0 0.0 0.0 292.0 201.0 277.0 169.0 300.0 137.0 294.0 137.0 0.0 0.0 323.0 225.0 305.0 181.0 317.0 151.0 0.0 0.0 288.0 212.0 0.0 0.0 364.0 212.0 284.0 153.0  138
244.0 91.0 356.0 88.0 269.0 190.0 318.0 141.0 306.0 60.0 338.0 72.0 0.0 0.0 256.0 216.0 0.0 0.0 281.0 72.0 324.0 73.0 245.0 241.0 253.0 130.0 106.0 195.0 327.0 103.0  139
221.0 112.0 92.0 105.0 202.0 201.0 146.0 163.0 146.0 75.0 110.0 86.0 131.0 93.0 261.0 234.0 235.0 150.0 177.0 98.0 0.0 0.0 209.0 234.0 0.0 0.0 354.0 259.0 125.0 122.0  140
252.0 149.0 153.0 190.0 253.0 246.0 0.0 0.0 187.0 141.0 163.0 167.0 179.0 162.0 242.0 245.0 264.0 154.0 231.0 142.0 0.0 0.0 314.0 267.0 0.0 0.0 417.0 126.0 175.0 197.0  141
216.0 197.0 364.0 125.0 298.0 277.0 335.0 203.0 295.0 102.0 341.0 111.0 0.0 0.0 208.0 350.0 148.0 250.0 256.0 146.0 310.0 121.0 256.0 343.0 264.0 252.0 106.0 412.0 335.0 160.0  142
250.0 80.0 123.0 48.0 193.0 178.0 166.0 122.0 177.0 28.0 141.0 36.0 167.0 42.0 216.0 206.0 241.0 138.0 205.0 59.0 0.0 0.0 271.0 211.0 0.0 0.0 375.0 221.0 146.0 75.0  143
313.0 132.0 200.0 109.0 249.0 221.0 220.0 169.0 243.0 87.0 216.0 97.0 227.0 105.0 298.0 238.0 323.0 169.0 274.0 108.0 0.0 0.0 240.0 232.0 0.0 0.0 416.0 202.0 211.0 126.0  144
256.0 138.0 379.0 105.0 322.0 207.0 341.0 168.0 332.0 81.0 362.0 94.0 0.0 0.0 290.0 249.0 0.0 0.0 293.0 110.0 339.0 103.0 259.0 268.0 274.0 183.0 152.0 198.0 357.0 128.0  145
300.0 132.0 193.0 103.0 261.0 230.0 214.0 178.0 247.0 94.0 210.0 94.0 228.0 103.0 286.0 249.0 295.0 182.0 271.0 115.0 0.0 0.0 296.0 254.0 0.0 0.0 438.0 229.0 210.0 131.0  146
261.0 124.0 347.0 95.0 292.0 188.0 320.0 144.0 302.0 87.0 0.0 0.0 0.0 0.0 265.0 214.0 0.0 0.0 294.0 97.0 320.0 89.0 250.0 194.0 279.0 129.0 188.0 225.0 328.0 108.0  147
282.0 161.0 203.0 130.0 256.0 235.0 227.0 200.0 241.0 126.0 218.0 127.0 231.0 138.0 284.0 264.0 298.0 198.0 268.0 155.0 0.0 0.0 219.0 240.0 0.0 0.0 352.0 205.0 212.0 156.0  148
181.0 249.0 221.0 174.0 230.0 314.0 246.0 251.0 192.0 201.0 208.0 188.0 0.0 0.0 0.0 0.0 0.0 0.0 187.0 229.0 203.0 199.0 203.0 368.0 170.0 274.0 59.0 409.0 229.0 211.0  149
